1.08261
1.08261
1.08264
1.08262
1.08261
1.08261
1.08258
1.08254
1.08247
1.08241
1.08241
1.08243
1.08265
1.08268
1.08268
1.08267
1.08265
1.08264
1.08262
1.08262
1.08264
1.08271
1.08279
1.08289
1.08288
1.08288
1.08292
1.08298
1.08296
1.08286
1.08285
1.08289
1.08291
1.08279
1.08277
1.08275
1.08275
1.08275
1.08282
1.08279
1.08284
1.08291
1.08296
1.08319
1.08321
1.08328
1.08326
1.08325
1.08325
1.08325
1.08325
1.08325
1.08322
1.08318
1.08302
1.08299
1.08301
1.08292
1.08292
1.08298
1.08319
1.08319
1.08316
1.08336
1.08336
1.08332
1.08335
1.08336
1.08333
1.08333
1.08332
1.08338
1.08339
1.08333
1.08328
1.08325
1.08325
1.08325
1.08319
1.08319
1.08319
1.08319
1.08312
1.08312
1.08312
1.08313
1.08312
1.08312
1.08309
1.08302
1.08302
1.08302
1.08302
1.08304
1.08302
1.08302
1.08298
1.08298
1.08298
1.08298
1.08296
1.08296
1.08292
1.08294
1.08292
1.08294
1.08292
1.08292
1.08298
1.08298
1.08298
1.08296
1.08301
1.08295
1.08296
1.08298
1.08298
1.08301
1.08302
1.08311
1.08311
1.08312
1.08311
1.08304
1.08305
1.08304
1.08289
1.08285
1.08278
1.08275
1.08278
1.08275
1.08275
1.08281
1.08281
1.08281
1.08281
1.08281
1.08282
1.08282
1.08282
1.08282
1.08282
1.08284
1.08285
1.08284
1.08282
1.08281
1.08281
1.08281
1.08281
1.08282
1.08288
1.08292
1.08288
1.08284
1.08279
1.08278
1.08278
1.08275
1.08277
1.08278
1.08281
1.08281
1.08278
1.08278
1.08277
1.08281
1.08281
1.08275
1.08275
1.08278
1.08281
1.08281
1.08281
1.08277
1.08279
1.08278
1.08281
1.08281
1.08291
1.08291
1.08288
1.08286
1.08285
1.08285
1.08285
1.08286
1.08291
1.08291
1.08291
1.08292
1.08298
1.08292
1.08292
1.08292
1.08292
1.08292
1.08291
1.08291
1.08292
1.08292
1.08292
1.08292
1.08282
1.08281
1.08281
1.08285
1.08285
1.08284
1.08285
1.08285
1.08285
1.08285
1.08285
1.08285
1.08286
1.08285
1.08285
1.08285
1.08285
1.08281
1.08281
1.08278
1.08278
1.08278
1.08278
1.08275
1.08278
1.08278
1.08278
1.08277
1.08275
1.08275
1.08275
1.08278
1.08277
1.08272
1.08271
1.08274
1.08274
1.08272
1.08271
1.08271
1.08272
1.08272
1.08272
1.08271
1.08272
1.08271
1.08278
1.08284
1.08285
1.08289
1.08288
1.08285
1.08285
1.08285
1.08288
1.08291
1.08289
1.08291
1.08294
1.08294
1.08292
1.08294
1.08295
1.08292
1.08295
1.08302
1.08312
1.08313
1.08312
1.08312
1.08313
1.08312
1.08298
1.08295
1.08296
1.08302
1.08302
1.08302
1.08302
1.08305
1.08305
1.08301
1.08301
1.08294
1.08302
1.08302
1.08299
1.08299
1.08298
1.08298
1.08315
1.08306
1.08323
1.08322
1.08321
1.08321
1.08313
1.08312
1.08305
1.08298
1.08298
1.08301
1.08312
1.08313
1.08312
1.08312
1.08312
1.08311
1.08312
1.08312
1.08311
1.08312
1.08315
1.08312
1.08312
1.08315
1.08316
1.08313
1.08312
1.08313
1.08313
1.08313
1.08312
1.08309
1.08309
1.08309
1.08309
1.08309
1.08309
1.08322
1.08321
1.08322
1.08323
1.08325
1.08322
1.08321
1.08322
1.08321
1.08319
1.08321
1.08322
1.08322
1.08322
1.08322
1.08322
1.08322
1.08322
1.08322
1.08321
1.08321
1.08322
1.08323
1.08325
1.08325
1.08323
1.08323
1.08325
1.08323
1.08325
1.08322
1.0833
1.0834
1.08342
1.08342
1.08345
1.08343
1.08342
1.08343
1.08343
1.08343
1.08342
1.08342
1.0834
1.08345
1.08345
1.08345
1.08342
1.08342
1.08342
1.0834
1.08342
1.08338
1.08342
1.08342
1.08349
1.08349
1.0835
1.0835
1.0835
1.08352
1.08353
1.08353
1.08353
1.08359
1.08357
1.08362
1.08356
1.08356
1.08356
1.08355
1.08353
1.08357
1.08356
1.08353
1.08359
1.08357
1.08353
1.08353
1.08355
1.08356
1.08359
1.08359
1.08359
1.08359
1.08359
1.08359
1.08359
1.08359
1.08359
1.08357
1.08359
1.08359
1.08356
1.08359
1.08356
1.0836
1.0836
1.08366
1.08366
1.08363
1.08366
1.08363
1.08366
1.08367
1.08367
1.0837
1.08369
1.0837
1.0837
1.0837
1.0837
1.08369
1.08366
1.08367
1.08367
1.08366
1.08366
1.08366
1.08366
1.0837
1.08369
1.08367
1.08367
1.08366
1.08367
1.08367
1.08386
1.08382
1.08382
1.0838
1.08374
1.0837
1.08372
1.08374
1.08374
1.08374
1.08376
1.08374
1.08374
1.08372
1.08373
1.08373
1.08373
1.0838
1.08384
1.08383
1.0838
1.0838
1.08386
1.08386
1.08383
1.08386
1.08383
1.08386
1.0839
1.08387
1.08384
1.08384
1.08386
1.08386
1.08386
1.08389
1.08386
1.08383
1.08382
1.08376
1.0837
1.08373
1.08372
1.08367
1.08369
1.08367
1.0837
1.08366
1.0837
1.08373
1.0837
1.08369
1.08369
1.0837
1.08369
1.0837
1.08373
1.08373
1.0837
1.08373
1.08372
1.08372
1.08372
1.08372
1.08372
1.08372
1.0837
1.08369
1.08369
1.0837
1.0837
1.0837
1.0837
1.08369
1.08373
1.0837
1.0837
1.0837
1.0837
1.08372
1.0837
1.08379
1.08377
1.08363
1.08363
1.08363
1.08363
1.08365
1.08363
1.08359
1.08359
1.08357
1.08357
1.08362
1.0838
1.08366
1.08373
1.08373
1.08367
1.08369
1.08367
1.0837
1.0837
1.0837
1.0837
1.08369
1.0837
1.08367
1.08365
1.08365
1.08365
1.08366
1.08365
1.08365
1.08372
1.08369
1.0837
1.08366
1.08365
1.08366
1.0837
1.08367
1.08366
1.08365
1.08357
1.08359
1.0836
1.08356
1.08359
1.08363
1.08366
1.08365
1.08362
1.08363
1.08362
1.0836
1.0836
1.0836
1.0836
1.0836
1.0836
1.0836
1.08356
1.08356
1.08356
1.08359
1.08363
1.0836
1.0836
1.0836
1.08362
1.08365
1.08363
1.0837
1.08369
1.08366
1.08366
1.0837
1.08366
1.0837
1.08369
1.08366
1.08365
1.08366
1.08363
1.08365
1.08363
1.08363
1.08366
1.08366
1.08366
1.08365
1.08366
1.08366
1.08366
1.08366
1.08365
1.08366
1.08369
1.08369
1.08369
1.0837
1.08369
1.08369
1.08372
1.0837
1.0837
1.08373
1.08373
1.0837
1.08373
1.08372
1.08365
1.08363
1.08365
1.08366
1.08366
1.0837
1.08366
1.08366
1.08367
1.0837
1.0837
1.0837
1.08374
1.08372
1.08383
1.08382
1.0838
1.08373
1.08373
1.08372
1.08372
1.08373
1.0837
1.08374
1.08373
1.08376
1.08379
1.08383
1.08383
1.08386
1.08383
1.0838
1.0838
1.08379
1.08373
1.08373
1.08373
1.08373
1.0837
1.0837
1.0837
1.0837
1.08372
1.08372
1.08372
1.08366
1.0836
1.08362
1.08363
1.08363
1.08366
1.08365
1.08366
1.0837
1.0837
1.0837
1.08376
1.08376
1.08382
1.08384
1.08384
1.08383
1.08383
1.08383
1.08383
1.08383
1.08383
1.08383
1.08383
1.08384
1.08379
1.08376
1.08383
1.08386
1.0839
1.0839
1.0839
1.08391
1.08389
1.08384
1.0838
1.08382
1.08382
1.08382
1.08382
1.08373
1.08373
1.0837
1.0837
1.08369
1.08373
1.08373
1.08373
1.08373
1.08373
1.08374
1.08383
1.08382
1.08383
1.08382
1.0838
1.0838
1.08383
1.08383
1.08383
1.08382
1.08379
1.0838
1.0838
1.08379
1.0838
1.08389
1.0839
1.08396
1.08401
1.084
1.08399
1.08401
1.08403
1.084
1.08399
1.084
1.08399
1.08399
1.08397
1.08397
1.08397
1.08399
1.08397
1.08399
1.08399
1.08399
1.08399
1.08397
1.08393
1.08391
1.08389
1.08399
1.08403
1.084
1.084
1.084
1.084
1.08407
1.08403
1.08408
1.08403
1.08401
1.08401
1.084
1.084
1.08401
1.08401
1.08407
1.08407
1.08403
1.08403
1.08403
1.08401
1.08404
1.08407
1.08403
1.08403
1.08411
1.0841
1.0841
1.08408
1.0841
1.08408
1.08408
1.08408
1.08407
1.08408
1.08407
1.08408
1.08408
1.0841
1.08407
1.08408
1.08408
1.08408
1.08408
1.08413
1.08411
1.08411
1.08411
1.08413
1.08411
1.08411
1.08411
1.0841
1.08411
1.08413
1.08413
1.08411
1.0841
1.0841
1.0841
1.0841
1.0841
1.08408
1.0841
1.0841
1.08411
1.0841
1.0841
1.08408
1.0841
1.08411
1.0841
1.0841
1.08407
1.08408
1.0841
1.08408
1.08408
1.08408
1.08408
1.0841
1.08414
1.08414
1.08413
1.08417
1.08414
1.08414
1.08414
1.08414
1.08413
1.08414
1.08411
1.08413
1.08411
1.08411
1.08411
1.0841
1.0841
1.08408
1.08408
1.08408
1.0841
1.08408
1.0841
1.08408
1.0838
1.0838
1.0838
1.08373
1.0837
1.0837
1.08393
1.08401
1.08401
1.084
1.084
1.084
1.08408
1.08408
1.08407
1.08407
1.08403
1.08401
1.08403
1.0841
1.0841
1.08413
1.0841
1.08411
1.08411
1.08413
1.08414
1.08416
1.0841
1.08413
1.08411
1.0841
1.08408
1.0841
1.0841
1.0841
1.08414
1.08417
1.0843
1.08426
1.08424
1.08424
1.08421
1.08423
1.0842
1.0842
1.0842
1.08416
1.08417
1.08416
1.0842
1.0841
1.08414
1.08418
1.08418
1.08417
1.08417
1.08418
1.08418
1.08418
1.08416
1.08416
1.08418
1.08413
1.08411
1.08411
1.0841
1.08411
1.08414
1.08416
1.08417
1.08411
1.08413
1.08413
1.0841
1.08394
1.0839
1.08384
1.08382
1.08391
1.0839
1.08417
1.08416
1.08411
1.0841
1.08414
1.08413
1.08407
1.08407
1.08403
1.084
1.0841
1.0841
1.0841
1.08414
1.08414
1.08414
1.08414
1.08411
1.08418
1.08417
1.08414
1.08413
1.08414
1.08413
1.08414
1.08413
1.08413
1.08417
1.08416
1.08417
1.08414
1.08413
1.08411
1.08413
1.08413
1.0841
1.08411
1.0841
1.08413
1.08413
1.08408
1.08411
1.0841
1.0841
1.0841
1.08411
1.0841
1.08408
1.08408
1.08413
1.08413
1.08408
1.08408
1.08408
1.0841
1.08408
1.0841
1.08413
1.08411
1.08411
1.0841
1.0841
1.08411
1.08408
1.08414
1.08414
1.08414
1.08417
1.08434
1.08435
1.08433
1.0844
1.08438
1.08437
1.08435
1.08438
1.08431
1.08427
1.08426
1.08431
1.08431
1.08431
1.08434
1.08433
1.08431
1.08431
1.08437
1.08435
1.08437
1.08434
1.08444
1.08448
1.08448
1.08448
1.08444
1.08444
1.08452
1.08451
1.0845
1.08438
1.0844
1.08438
1.08441
1.08443
1.08441
1.0844
1.0844
1.08438
1.0844
1.0844
1.08438
1.08438
1.0844
1.08441
1.08441
1.08441
1.08433
1.08431
1.08437
1.08437
1.08437
1.08435
1.08434
1.08437
1.08434
1.08434
1.08434
1.08433
1.0843
1.08433
1.08434
1.08434
1.08434
1.08431
1.08431
1.0843
1.08424
1.08421
1.08421
1.08421
1.0842
1.08418
1.0842
1.0842
1.0842
1.08417
1.08417
1.08418
1.08417
1.08413
1.08414
1.08414
1.08414
1.08427
1.08427
1.08426
1.08428
1.08433
1.08431
1.08428
1.08421
1.08428
1.0843
1.08428
1.08428
1.0843
1.08428
1.08428
1.08428
1.08428
1.08427
1.08427
1.08427
1.08427
1.08421
1.0842
1.08423
1.08427
1.08428
1.08427
1.08427
1.08421
1.08417
1.08417
1.08418
1.0842
1.08418
1.0842
1.0842
1.08418
1.08414
1.08414
1.08413
1.08411
1.08408
1.08408
1.08408
1.0841
1.0841
1.0841
1.0841
1.0841
1.08428
1.08428
1.08428
1.08428
1.08424
1.08424
1.0843
1.08424
1.08423
1.08423
1.08423
1.08421
1.08413
1.08411
1.0841
1.08411
1.08411
1.08411
1.08414
1.08414
1.0842
1.0842
1.08426
1.08426
1.08423
1.08421
1.0842
1.08418
1.08416
1.08418
1.08417
1.08414
1.08414
1.08414
1.08411
1.08407
1.08407
1.08406
1.08403
1.08404
1.08403
1.08401
1.08384
1.08382
1.08365
1.08359
1.08357
1.0837
1.0837
1.08373
1.08373
1.08373
1.08373
1.0837
1.08363
1.08362
1.0836
1.08355
1.08357
1.0836
1.08369
1.08369
1.08366
1.0837
1.0837
1.08357
1.08355
1.08355
1.08359
1.08359
1.08357
1.08359
1.08357
1.08357
1.08359
1.08366
1.08366
1.08363
1.08359
1.08359
1.08363
1.08363
1.08365
1.0837
1.0837
1.0837
1.08369
1.0837
1.08373
1.08372
1.08372
1.0837
1.08372
1.0837
1.08369
1.08372
1.0837
1.08369
1.08365
1.08373
1.08373
1.08374
1.08376
1.0838
1.08379
1.08377
1.08376
1.08376
1.08373
1.08367
1.0837
1.08373
1.08373
1.08373
1.08369
1.08369
1.08366
1.08365
1.0837
1.0837
1.08369
1.0837
1.0837
1.08367
1.08366
1.08366
1.08369
1.08369
1.0837
1.0837
1.08369
1.08386
1.08386
1.08382
1.08386
1.08386
1.08386
1.08389
1.08386
1.08386
1.08386
1.08386
1.08384
1.08384
1.08386
1.08386
1.08384
1.08384
1.08382
1.08382
1.08383
1.0838
1.0838
1.0838
1.08362
1.08362
1.0836
1.0836
1.08362
1.08362
1.08362
1.08362
1.08359
1.08359
1.08357
1.08356
1.08357
1.08359
1.08357
1.08359
1.08357
1.0836
1.0836
1.08356
1.08356
1.08353
1.08352
1.08349
1.08349
1.08349
1.08349
1.08349
1.08347
1.08349
1.08355
1.08362
1.08359
1.08366
1.08353
1.08346
1.08349
1.08346
1.0835
1.08352
1.08349
1.08349
1.08349
1.08346
1.08349
1.0835
1.08349
1.08349
1.08347
1.0835
1.0835
1.08353
1.08353
1.08355
1.08356
1.0836
1.08359
1.08355
1.08356
1.08355
1.08357
1.08355
1.08353
1.08355
1.08359
1.08359
1.08359
1.0836
1.0836
1.08363
1.08357
1.08356
1.08359
1.0836
1.08359
1.08357
1.08363
1.08363
1.08362
1.0836
1.08362
1.08365
1.08363
1.08362
1.08363
1.08363
1.08366
1.08373
1.0838
1.08386
1.08386
1.08393
1.08393
1.08397
1.08404
1.08403
1.08404
1.08407
1.08407
1.08408
1.08407
1.08418
1.08427
1.0843
1.0843
1.08431
1.08431
1.08421
1.0842
1.08423
1.08423
1.08424
1.08424
1.08423
1.0842
1.08414
1.08414
1.08414
1.08417
1.08421
1.08418
1.0842
1.0842
1.0842
1.08418
1.0842
1.0842
1.08418
1.0842
1.08424
1.08423
1.08424
1.08434
1.08435
1.08435
1.0844
1.0844
1.0844
1.0844
1.0844
1.08441
1.08445
1.0845
1.0845
1.08444
1.08443
1.08443
1.08444
1.08444
1.0845
1.08462
1.08457
1.08461
1.0846
1.08461
1.08467
1.0846
1.08471
1.08465
1.08465
1.08468
1.08465
1.08467
1.08467
1.08465
1.08465
1.08465
1.08468
